Bag-of-Words 15 0.2557 0.2291 0.4042 
TF-IDF 17 0.264 0.24 0.3562 
Bag-of-Words 15 0.2557 0.2291 0.4042 
TF-IDF 17 0.264 0.24 0.3562 
Bag-of-Words 15 0.2557 0.2291 0.4042 
TF-IDF 17 0.264 0.24 0.3562 
Bag-of-Words 15 0.2557 0.2291 0.4042 
Bag-of-Words 15 0.2557 0.2291 0.4042 
TF-IDF 17 0.264 0.24 0.3562 
TF-IDF 17 0.264 0.24 0.3562 
Bag-of-Words 15 0.2557 0.2291 0.4042 
Bag-of-Words 15 0.2557 0.2291 0.4042 
TF-IDF 17 0.264 0.24 0.3562 
TF-IDF 17 0.264 0.24 0.3562 
Average-Word2Vec 49 0.2829 0.2824 0.0222 
TF-IDF-Average-Word2Vec 49 0.2832 0.2797 0.0 
